ЗНАЧЕНИЯ ПАРАМЕТРОВ НАГРУЖЕНИЯ (КОМБИНАЦИИ НАГРУЗОК) КРАНА :
mg0	mgm	rv0	gam	al2	betta	vv	psipodtvil	vvil	tpov	wpov	tper	vper	fikr	nvil	rmax	rmin
20	20	16	0	0	0	0	15	0	6	0	5	0	45	12	30	8

РАССЧИТАНЫ ВСПОМОГАТЕЛЬНЫЕ ПАРАМЕТРЫ СИСТЕМЫ ИЗМЕНЕНИЯ ВЫЛЕТА
l2x	dr	etar	epsr	lbr	dp	etap	lt	epss	lb	lbb	eps1	eps2
2.957	6.31735	39.708	3.81407	6.01332	7.18766	41.8983	6.76184	3.39134	7.507	0	0	0
dk	etak	dot	etaot	lcs	lcx	lcot	jxob	jstr	jpr	jot	mxv	mxp	msv	msp
3.99161	43.9241	7.18766	41.8983	8.3	2.34	13.16	79.3868	4678.98	190.578	230.914	0.85	2.55	2.52	7.56

 РАССЧИТАНЫ ГЕОМЕТРИЧЕСКИЕ ПАРАМЕТРЫ СИСТЕМЫ ИЗМЕНЕНИЯ ВЫЛЕТА
' РАСЧЕТ В СИСТЕМЕ 'ВЕРТИКАЛЬ - КОРЕНЬ СТРЕЛЫ - ВЫЛЕТ'
rx	fis	alx	alot	alk	alp	alr	alt	lr	dhgr	hkx	ur	rtp	jsiw	jpov	lk1
30	41.3568	9.28624	30.7348	33.0447	-16.4945	-1.43988	7.65716	9.10223	0	16.5627	4.15685	5.35772	135.133	136.176	27.5175
28.0001	46.3942	20.154	36.6123	37.9471	0.0720671	-3.83975	10.1238	8.72811	0	16.8918	4.3524	5.85057	123.076	125.067	27.1726
26	50.9121	27.821	41.5556	42.3964	12.0301	-5.98294	10.9789	8.37824	0.170789	17.3756	4.52058	6.14232	122.346	114.519	26.8596
24	55.1042	34.1724	45.9721	46.571	22.2269	-7.96238	11.1948	8.04197	0.349929	17.8466	4.67031	6.34146	123.071	104.617	26.5677
22	59.0434	39.8543	50.0033	50.536	31.4544	-9.81303	11.0235	7.7162	0.486687	18.2575	4.80526	6.48199	124.374	95.4269	26.2936
20	62.7665	45.1959	53.7152	54.3219	40.0698	-11.5524	10.569	7.39996	0.56316	18.5917	4.92752	6.58121	126.123	86.9991	26.0359
18.0001	66.292	50.4088	57.139	57.9422	48.268	-13.1892	9.88216	7.09332	0.57446	18.8448	5.03843	6.65002	128.372	79.3706	25.7941
16.0001	69.6261	55.6575	60.2838	61.3981	56.1629	-14.7267	8.99132	6.79718	0.522662	19.0188	5.13887	6.69618	131.288	72.5665	25.5683
14.0001	72.7629	61.0921	63.1398	64.6783	63.8118	-16.1623	7.91589	6.51335	0.415108	19.1202	5.22931	6.72566	135.178	66.6029	25.3593
12	75.684	66.8732	65.6783	67.7584	71.2213	-17.4883	6.67615	6.24467	0.2648	19.161	5.30993	6.74326	140.613	61.4871	25.1683
10	78.355	73.1957	67.8469	70.5961	78.3326	-18.69	5.30433	5.99548	0.0925909	19.1599	5.38054	6.75288	148.786	57.2194	24.9972
8.00001	80.7182	80.3274	69.5594	73.1239	84.9854	-19.7436	3.86131	5.77231	-0.0680086	19.1475	5.44051	6.7576	162.752	53.7954	24.8489

РАССЧИТАНЫ МОМЕНТЫ, ПРИВЕДЕННЫЕ К КОРНЮ СТРЕЛЫ

Значения моментов, приведенных к оси качания (корню) стрелы в зависимости от вылета
rvil	mgr	mxob	mstr	mott	malf	mvet	mukl	mp	mss	mn	mkrs	mizs	ggg
30	-60.3188	131.816	201.225	13.9005	0	0	0	-269.988	346.942	76.9541	0	0	20
28.0001	31.5825	130.863	184.895	11.8411	0	0	0	-195.496	327.599	132.103	0	0	20
26	49.7159	122.546	169.029	10.5467	0	0	0	-169.314	302.122	132.808	0	0	20
24	45.9189	112.051	153.366	9.48713	0	0	0	-151.675	274.905	123.23	0	0	20
22	32.3995	100.639	137.899	8.5409	0	0	0	-136.627	247.079	110.452	0	0	20
20	13.9248	88.8422	122.679	7.66425	0	0	0	-122.237	219.186	96.9491	0	0	20
18.0001	-7.03221	76.9712	107.789	6.83799	0	0	0	-107.608	191.599	83.9908	0	0	20
16.0001	-28.788	65.2713	93.3316	6.05229	0	0	0	-92.2051	164.655	72.4501	0	0	20
14.0001	-49.7346	53.9999	79.44	5.3002	0	0	0	-75.6513	138.74	63.0888	0	0	20
12	-67.6777	43.5013	66.2886	4.57172	0	0	0	-57.6784	114.362	56.6833	0	0	20
10	-78.5746	34.351	54.1119	3.84274	0	0	0	-38.1938	92.3056	54.1118	0	0	20
8.00001	-72.8475	27.758	43.2391	3.04106	0	0	0	-17.5078	74.0382	56.5304	0	0	20

Значения усилий на конце стрелы, хобота, и в оттяжке от веса груза, хобота, отклонения канатов, в зависимости от вылета
rvil	pgr	ngr	pgx	ngx	pgot	palf	nalf	pxob	nxob	sgr	sxob	salf	mvetp	minv	minp
30	-2.24234	109.591	4.90024	13.5076	0.516746	0	-0	19.7379	3.22734	77.9216	8.02883	-0	0	0	0
28.0001	1.17407	90.4226	4.8648	11.9412	0.440188	0	-0	18.7754	6.89088	56.9861	5.87168	-0	0	0	0
26	1.84817	82.6449	4.55562	11.4755	0.392071	0	-0	17.6882	9.33421	47.9802	4.94374	-0	0	0	0
24	1.70702	78.2795	4.16547	11.3092	0.352681	0	-0	16.547	11.2337	42.6375	4.39325	-0	0	0	0
22	1.20444	75.4253	3.74124	11.2556	0.317506	0	-0	15.3535	12.8167	38.9785	4.01623	-0	0	0	0
20	0.517651	73.3323	3.30268	11.243	0.284916	0	-0	14.0937	14.1904	36.2171	3.73171	-0	0	0	0
18.0001	-0.26142	71.6061	2.86138	11.235	0.2542	0	-0	12.7461	15.4122	33.9381	3.49689	-0	0	0	0
16.0001	-1.07018	69.9737	2.42644	11.2068	0.224992	0	-0	11.2828	16.5136	31.8533	3.28207	-0	0	0	0
14.0001	-1.84887	68.1726	2.00743	11.1341	0.197033	0	-0	9.66806	17.508	29.6873	3.0589	-0	0	0	0
12	-2.5159	65.8474	1.61715	10.983	0.169952	0	-0	7.85536	18.3928	27.0712	2.78934	-0	0	0	0
10	-2.92099	62.3604	1.27699	10.6903	0.142853	0	-0	5.78208	19.146	23.3467	2.40558	-0	0	0	0
8.00001	-2.70808	56.2452	1.0319	10.1076	0.11305	0	-0	3.36036	19.7157	17.0039	1.75203	-0	0	0	0

Значения суммарных усилий в рейке, в тяге, в оттяжке, в корнях - оттяжки, стрелы, противовеса в зависимости от вылета
rvil	fr	ft	sot	xot	zot	xc	zc	pss	nss	xpr	zpr	xkan	zkan	xzv	zzv
30	4.00191	50.3924	85.9505	73.878	44.9263	-144.245	-102.306	3.17465	123.099	-49.943	31.7145	-0.39476	-28.0655	4.00064	-0.10056
28.0001	37.6082	33.4148	62.8578	50.4553	38.4881	-136.326	-100.435	6.47906	102.364	-32.8946	30.8735	-1.38809	-29.4583	37.5238	-2.51848
26	40.3762	27.5652	52.9239	39.6036	36.1069	-121.286	-101.498	6.79586	94.1204	-27.0607	30.2497	-2.38971	-30.6448	40.1562	-4.2085
24	36.2179	23.9179	47.0308	32.6868	34.8152	-105.478	-102.615	6.22517	89.5888	-23.4628	29.6436	-3.41058	-31.6842	35.8688	-5.01701
22	29.7281	21.078	42.9947	27.6346	33.9374	-90.0564	-103.277	5.26319	86.6809	-20.6891	29.0304	-4.4478	-32.6001	29.2932	-5.06667
20	22.501	18.5736	39.9488	23.6417	33.2021	-75.3566	-103.378	4.10525	84.5753	-18.2585	28.4068	-5.49505	-33.4058	22.0451	-4.50612
18.0001	15.2743	16.1816	37.435	20.3123	32.445	-61.508	-102.905	2.85416	82.8411	-15.9415	27.7771	-6.54419	-34.1099	14.8714	-3.48511
16.0001	8.49645	13.7698	35.1353	17.4167	31.5147	-48.5982	-101.86	1.58125	81.1805	-13.6006	27.152	-7.58525	-34.719	8.21734	-2.15987
14.0001	2.55373	11.2482	32.7462	14.7952	30.2133	-36.7548	-100.212	0.355597	79.3067	-11.141	26.5491	-8.60568	-35.2381	2.4528	-0.710855
12	-2.07054	8.55348	29.8606	12.2983	28.2104	-26.2246	-97.8477	-0.728797	76.8304	-8.49548	25.9944	-9.5894	-35.6716	-1.97484	0.622219
10	-4.54652	5.65592	25.7523	9.71075	24.8513	-17.5403	-94.4643	-1.50115	73.0507	-5.6317	25.5229	-10.5152	-36.0237	-4.30676	1.45692
8.00001	-2.99919	2.59083	18.7559	6.55023	18.575	-12.0068	-89.2443	-1.56314	66.3528	-2.58495	25.1745	-11.3536	-36.2984	-2.82287	1.01316

Значения координат центров тяжести хобота, стрелы,оттяжки,груза,а также-конца хобота,конца стрелы и приведенного центра тяжести в системе координат поворотной платформы 'ВЫЛЕТ - ОСЬ ВРАЩЕНИЯ' на уровне оси качания стрелы'
rvil	ykx0	zkx0	yx0	zx0	yks0	zks0	ys0	zs0	yot0	zot0	yp0	zp0	yct0	zct0	yct1	zct1
30	30	16.5627	24.3875	17.4804	22.5914	17.7741	10.3851	7.02916	8.36157	11.5256	-5.59738	5.58391	0.532391	-0.943765	-1.51151	-2.15803
28.0001	28.0001	16.8918	22.6613	18.8513	20.9527	19.4783	9.7371	7.70314	7.6134	12.6486	-5.711	4.79653	0.290486	-0.88974	-1.63148	-2.12309
26	26	17.3756	20.9704	20.0298	19.3608	20.8792	9.10752	8.25716	6.89778	13.5296	-5.65036	4.22454	0.0652873	-0.824113	-1.73358	-2.08647
24	24	17.8466	19.2949	21.0409	17.7891	22.0632	8.48597	8.72539	6.19631	14.2621	-5.50584	3.75558	-0.151979	-0.763068	-1.82719	-2.05386
22	22	18.2575	17.6342	21.902	16.237	23.0683	7.87217	9.12287	5.50851	14.8816	-5.30529	3.35925	-0.363619	-0.710322	-1.91478	-2.02595
20	20	18.5917	15.9924	22.6268	14.7099	23.9181	7.26823	9.45895	4.83808	15.4081	-5.06289	3.02269	-0.570479	-0.666778	-1.99727	-2.00257
18.0001	18.0001	18.8448	14.3757	23.2273	13.2158	24.6298	6.67736	9.74041	4.19066	15.8543	-4.78785	2.73956	-0.772856	-0.632313	-2.07497	-1.98327
16.0001	16.0001	19.0188	12.7918	23.7144	11.7651	25.2172	6.10364	9.97269	3.57347	16.2293	-4.48742	2.50665	-0.970774	-0.606287	-2.14789	-1.9675
14.0001	14.0001	19.1202	11.251	24.0986	10.3712	25.6918	5.55238	10.1604	2.99588	16.5402	-4.16849	2.32242	-1.16404	-0.587703	-2.21584	-1.95467
12	12	19.161	9.76638	24.3909	9.05154	26.0647	5.0305	10.3079	2.47006	16.792	-3.8388	2.18597	-1.35232	-0.575198	-2.27845	-1.94412
10	10	19.1599	8.35587	24.604	7.8297	26.3463	4.5473	10.4192	2.01241	16.9885	-3.50836	2.09605	-1.53511	-0.566944	-2.3352	-1.93522
8.00001	8.00001	19.1475	7.04449	24.7537	6.7387	26.5478	4.11584	10.4989	1.64594	17.1314	-3.19134	2.04957	-1.71173	-0.560414	-2.38535	-1.92738
